0604
711
634
996
961
555
925
403
559
428
836
742
749
622
627
390
772
978
172
402
2
818
663
826
205
7
101
937
14
133
892
724
766
887
36
673
164
438
231
943
273
324
691
895
950
80
18
279
603
419
280
420
542
294
597
98
301
50
386
314
182
630
389
299
516
424
971
31
862
553
973
486
877
15
732
178
446
457
401
871
88
820
413
382
769
682
248
347
351
735
1
744
510
127
371
876
451
209
104
466
940
911
41
90
311
177
483
675
910
537
136
289
122
364
375
107
885
445
585
607
321
815
776
853
409
763
499
850
426
379
260
436
288
972
281
459
754
822
598
875
834
320
865
792
992
252
767
65
528
218
563
377
643
323
755
254
758
43
115
81
625
747
539
847
500
712
444
277
46
208
69
37
27
155
914
443
131
5
411
126
679
165
437
494
869
535
240
760
92
471
825
814
454
863
21
874
251
831
405
694
439
227
849
352
728
365
730
924
575
385
810
167
144
191
610
966
368
427
780
173
152
398
335
649
295
430
733
656
743
933
359
298
441
338
573
722
533
217
142
534
644
568
665
816
817
213
151
393
932
258
477
588
1000
762
738
983
105
583
716
637
799
685
635
349
802
366
355
667
578
599
835
576
538
186
337
220
29
803
148
17
953
140
549
986
928
806
502
293
512
169
223
611
119
8
947
194
657
620
470
52
30
199
219
690
717
168
265
956
95
422
458
739
286
313
896
448
807
668
306
551
976
319
581
526
915
606
222
193
829
919
979
232
176
778
608
584
913
935
647
189
756
75
129
963
395
920
342
824
522
137
417
24
944
328
903
515
449
297
845
870
631
326
262
945
720
358
174
998
229
557
83
579
949
750
525
721
848
109
330
468
245
157
642
681
991
909
615
143
171
577
442
629
670
605
275
546
266
782
312
891
429
572
250
889
496
880
374
267
545
708
827
130
453
274
64
384
540
846
602
851
404
659
475
970
521
726
723
344
791
672
303
54
212
687
593
640
795
425
154
399
302
980
161
68
33
139
421
163
773
13
905
235
958
353
902
854
345
696
701
120
855
138
650
841
135
609
513
748
922
263
55
852
121
58
727
639
964
864
412
150
636
547
501
859
959
591
868
141
725
752
77
713
187
558
651
571
873
162
669
376
388
238
655
407
962
484
674
676
22
112
523
180
812
997
315
729
842
652
570
391
149
779
333
984
804
360
268
53
317
216
666
517
233
42
316
866
706
683
731
206
415
190
617
775
884
423
73
269
975
59
692
318
601
498
116
969
580
514
684
939
435
11
325
230
619
616
653
63
660
508
461
624
787
479
487
304
990
463
718
658
531
633
373
192
562
965
255
400
244
592
648
329
34
234
951
481
566
134
948
765
912
372
671
664
967
614
185
906
784
26
843
159
543
490
204
282
113
623
123
529
786
678
370
872
264
917
78
646
462
908
926
519
