1699274571824
1699274571840
1699274571842
1699274571843
1699274571845
1699274571847
1699274571848
1699274571850
1699274571852
1699274571853
1699274571855
1699274571856
1699274571858
1699274571859
1699274571860
1699274571862
1699274571872
1699274571876
1699274571878
1699274571879
1699274571892
1699274571894
1699274571895
1699274571896
1699274571897
1699274571899
1699274571901
1699274571903
1699274571904
1699274571906
1699274571908
1699274571909
1699274571910
1699274571911
1699274571913
1699274571914
1699274571915
1699274571916
1699274571917
1699274571919
1699274571920
1699274571922
1699274571923
1699274571924
1699274571925
1699274571926
1699274571927
1699274571929
1699274571930
1699274571931
1699274571932
1699274571933
1699274571935
1699274571936
1699274571937
1699274571940
1699274571941
1699274571942
1699274571943
1699274571944
1699274571956
1699274571958
1699274571959
1699274571960
1699274571961
1699274571962
1699274571963
1699274571964
1699274571966
1699274571967
1699274571968
1699274571969
1699274571970
1699274571972
1699274571973
1699274571974
1699274571975
1699274571977
1699274571978
1699274571979
1699274571981
1699274571982
1699274571983
1699274571986
1699274571987
1699274571988
1699274571989
1699274571991
1699274571992
1699274571993
1699274571995
1699274571996
1699274571997
1699274571999
1699274572000
1699274572001
1699274572002
1699274572004
1699274572006
1699274572008
1699274572009
1699274572011
1699274572012
1699274572013
1699274572014
1699274572017
1699274572018
1699274572020
1699274572021
1699274572022
1699274572023
1699274572024
1699274572025
1699274572027
1699274572028
1699274572029
1699274572030
1699274572032
1699274572033
1699274572034
1699274572037
1699274572038
1699274572039
1699274572040
1699274572041
1699274572043
1699274572044
1699274572045
1699274572047
1699274572048
1699274572049
1699274572050
1699274572052
1699274572053
1699274572054
1699274572055
1699274572056
1699274572057
1699274572059
1699274572060
1699274572061
1699274572063
1699274572064
1699274572065
1699274572066
1699274572067
1699274572068
1699274572069
1699274572070
1699274572071
1699274572072
1699274572073
1699274572074
1699274572076
1699274572077
1699274572077
1699274572078
1699274572079
1699274572080
1699274572081
1699274572082
1699274572083
1699274572084
1699274572085
1699274572086
1699274572087
1699274572088
1699274572089
1699274572090
1699274572091
1699274572092
1699274572092
1699274572093
1699274572095
1699274572096
1699274572096
1699274572097
1699274572098
1699274572099
1699274572101
1699274572102
1699274572103
1699274572104
1699274572105
1699274572105
1699274572106
1699274572108
1699274572110
1699274572111
1699274572112
1699274572114
1699274572115
1699274572115
1699274572116
1699274572117
1699274572118
1699274572119
1699274572120
1699274572121
1699274572121
1699274572122
1699274572123
1699274572124
1699274572125
1699274572125
1699274572126
1699274572126
1699274572127
1699274572128
1699274572129
1699274572130
1699274572131
1699274572132
1699274572133
1699274572134
1699274572135
1699274572135
1699274572136
1699274572137
1699274572137
1699274572138
1699274572139
1699274572140
1699274572141
1699274572141
1699274572142
1699274572143
1699274572143
1699274572144
1699274572144
1699274572145
1699274572146
1699274572146
1699274572147
1699274572148
1699274572149
1699274572149
1699274572150
1699274572151
1699274572151
1699274572152
1699274572153
1699274572153
1699274572154
1699274572155
1699274572155
1699274572156
1699274572157
1699274572158
1699274572159
1699274572160
1699274572160
1699274572161
1699274572162
1699274572162
1699274572163
1699274572164
1699274572165
1699274572166
1699274572167
1699274572168
1699274572169
1699274572170
1699274572170
1699274572171
1699274572172
1699274572173
1699274572174
1699274572175
1699274572176
1699274572176
1699274572177
1699274572178
1699274572179
1699274572180
1699274572181
1699274572181
1699274572182
1699274572183
1699274572184
1699274572185
1699274572186
1699274572186
1699274572187
1699274572188
1699274572190
1699274572191
1699274572192
1699274572192
1699274572193
1699274572194
1699274572195
1699274572196
1699274572197
1699274572198
1699274572199
1699274572200
1699274572201
1699274572201
1699274572202
1699274572203
1699274572203
1699274572204
1699274572206
1699274572206
1699274572207
1699274572208
1699274572209
1699274572209
1699274572210
1699274572211
1699274572211
1699274572212
1699274572213
1699274572213
1699274572214
1699274572215
1699274572216
1699274572216
1699274572217
1699274572218
1699274572219
1699274572219
1699274572220
1699274572221
1699274572222
1699274572222
1699274572223
1699274572224
1699274572225
1699274572226
1699274572227
1699274572227
1699274572228
1699274572229
1699274572230
1699274572230
1699274572231
1699274572232
1699274572232
1699274572233
1699274572234
1699274572234
1699274572235
1699274572236
1699274572237
1699274572237
1699274572238
1699274575590
1699274575592
1699274575593
1699274575595
1699274575598
1699274575600
1699274575602
1699274575603
1699274575605
1699274575606
1699274575607
1699274575609
1699274575611
1699274575613
1699274575614
1699274575617
1699274575633
1699274575634
1699274575635
1699274575636
1699274575637
1699274575639
1699274575649
1699274575650
1699274575652
1699274575658
1699274575660
1699274575661
1699274575662
1699274575664
1699274575666
1699274575667
1699274575669
1699274575670
1699274575671
1699274575673
1699274575674
1699274575675
1699274575676
1699274575678
1699274575679
1699274575680
1699274575681
1699274575683
1699274575684
1699274575686
1699274575687
1699274575688
1699274575689
1699274575691
1699274575692
1699274575693
1699274575695
1699274575696
1699274575697
1699274575698
1699274575699
1699274575700
1699274575700
1699274575702
1699274575703
1699274575704
1699274575705
1699274575706
1699274575707
1699274575709
1699274575710
1699274575710
1699274575711
1699274575713
1699274575714
1699274575715
1699274575717
1699274575718
1699274575719
1699274575720
1699274575721
1699274575722
1699274575723
1699274575724
1699274575725
1699274575726
1699274575728
1699274575729
1699274575730
1699274575731
1699274575732
1699274575734
1699274575734
1699274575736
1699274575737
1699274575739
1699274575740
1699274575740
1699274575741
1699274575742
1699274575743
1699274575743
1699274575744
1699274575745
1699274575746
1699274575747
1699274575748
1699274575749
1699274575750
1699274575750
1699274575751
1699274575752
1699274575753
1699274575754
1699274575755
1699274575756
1699274575756
1699274575757
1699274575758
1699274575758
1699274575760
1699274575760
1699274575761
1699274575762
1699274575762
1699274575763
1699274575764
1699274575765
1699274575765
1699274575767
1699274575767
1699274575768
1699274575769
1699274575770
1699274575771
1699274575772
1699274575772
1699274575773
1699274575773
1699274575774
1699274575775
1699274575776
1699274575776
1699274575777
1699274575778
1699274575778
1699274575779
1699274575780
1699274575780
1699274575782
1699274575782
1699274575783
1699274575784
1699274575784
1699274575785
1699274575785
1699274575787
1699274575787
1699274575788
1699274575789
1699274575789
1699274575790
1699274575791
1699274575792
1699274575792
1699274575793
1699274575794
1699274575795
1699274575796
1699274575797
1699274575797
1699274575798
1699274575799
1699274575800
1699274575800
1699274575801
1699274575802
1699274575802
1699274575803
1699274575804
1699274575805
1699274575805
1699274575806
1699274575807
1699274575807
1699274575808
1699274575809
1699274575810
1699274575811
1699274575812
1699274575812
1699274575813
1699274575814
1699274575815
1699274575816
1699274575816
1699274575817
1699274575818
1699274575819
1699274575820
1699274575820
1699274575821
1699274575822
1699274575823
1699274575823
1699274575825
1699274575826
1699274575826
1699274575827
1699274575828
1699274575828
1699274575829
1699274575830
1699274575831
1699274575832
1699274575833
1699274575834
1699274575835
1699274575835
1699274575836
1699274575837
1699274575837
1699274575838
1699274575838
1699274575839
1699274575840
1699274575841
1699274575842
1699274575842
1699274575843
1699274575844
1699274575845
1699274575846
1699274575846
1699274575847
1699274575848
1699274575849
1699274575850
1699274575850
1699274575851
1699274575852
1699274575852
1699274575853
1699274575854
1699274575855
1699274575856
1699274575857
1699274575858
1699274575859
1699274575860
1699274575861
1699274575862
1699274575864
1699274575865
1699274575866
1699274575867
1699274575867
1699274575868
1699274575868
1699274575870
1699274575870
1699274575871
1699274575872
1699274575874
1699274575876
1699274575877
1699274575878
1699274575879
1699274575880
1699274575882
1699274575883
1699274575884
1699274575885
1699274575887
1699274575888
1699274575889
1699274575891
1699274575892
1699274575894
1699274575895
1699274575896
1699274575898
1699274575898
1699274575899
1699274575900
1699274575901
1699274575901
1699274575902
1699274575903
1699274575903
1699274575904
1699274575904
1699274575905
1699274575906
1699274575906
1699274575907
1699274575908
1699274575909
1699274575909
1699274575910
1699274575911
1699274575912
1699274575912
1699274575913
1699274575914
1699274575914
1699274575915
1699274575916
1699274575917
1699274575917
1699274575918
1699274575919
1699274575919
1699274575920
1699274575921
1699274575921
1699274575922
1699274575923
1699274575924
1699274575925
1699274575926
1699274575927
1699274575927
1699274575928
1699274575929
1699274575930
1699274575931
1699274575931
1699274575932
1699274575933
1699274575934
1699274575935
1699274575936
1699274575937
1699274575938
1699274575938
1699274575939
1699274578247
1699274578249
1699274578251
1699274578253
1699274578256
1699274578257
1699274578259
1699274578261
1699274578263
1699274578265
1699274578265
1699274578267
1699274578268
1699274578271
1699274578272
1699274578273
1699274578275
1699274578276
1699274578277
1699274578278
1699274578279
1699274578280
1699274578281
1699274578282
1699274578283
1699274578284
1699274578285
1699274578287
1699274578288
1699274578289
1699274578290
1699274578291
1699274578292
1699274578293
1699274578294
1699274578295
1699274578296
1699274578297
1699274578297
1699274578298
1699274578299
1699274578300
1699274578301
1699274578302
1699274578303
1699274578304
1699274578305
1699274578307
1699274578308
1699274578309
1699274578310
1699274578310
1699274578312
1699274578312
1699274578313
1699274578314
1699274578315
1699274578316
1699274578316
1699274578318
1699274578319
1699274578320
1699274578321
1699274578321
1699274578323
1699274578323
1699274578324
1699274578325
1699274578326
1699274578327
1699274578328
1699274578328
1699274578329
1699274578330
1699274578331
1699274578332
1699274578334
1699274578334
1699274578335
1699274578336
1699274578337
1699274578337
1699274578338
1699274578339
1699274578340
1699274578340
1699274578341
1699274578342
1699274578342
1699274578343
1699274578344
1699274578345
1699274578345
1699274578346
1699274578347
1699274578347
1699274578348
1699274578349
1699274578349
1699274578351
1699274578351
1699274578352
1699274578353
1699274578353
1699274578354
1699274578354
1699274578355
1699274578356
1699274578356
1699274578357
1699274578358
1699274578358
1699274578360
1699274578360
1699274578361
1699274578362
1699274578363
1699274578364
1699274578365
1699274578365
1699274578366
1699274578367
1699274578367
1699274578368
1699274578369
1699274578370
1699274578371
1699274578371
1699274578372
1699274578373
1699274578374
1699274578375
1699274578376
1699274578377
1699274578378
1699274578379
1699274578380
1699274578380
1699274578381
1699274578382
1699274578382
1699274578383
1699274578384
1699274578385
1699274578385
1699274578386
1699274578387
1699274578388
1699274578389
1699274578390
1699274578390
1699274578391
1699274578392
1699274578393
1699274578394
1699274578395
1699274578396
1699274578396
1699274578397
1699274578399
1699274578399
1699274578400
1699274578401
1699274578402
1699274578403
1699274578403
1699274578404
1699274578405
1699274578405
1699274578407
1699274578407
1699274578408
1699274578409
1699274578409
1699274578410
1699274578410
1699274578411
1699274578411
1699274578412
1699274578413
1699274578413
1699274578414
1699274578415
1699274578415
1699274578416
1699274578416
1699274578417
1699274578418
1699274578419
1699274578419
1699274578421
1699274578422
1699274578422
1699274578423
1699274578424
1699274578425
1699274578426
1699274578426
1699274578427
1699274578428
1699274578429
1699274578430
1699274578430
1699274578431
1699274578432
1699274578433
1699274578434
1699274578435
1699274578435
1699274578436
1699274578437
1699274578437
1699274578439
1699274578439
1699274578440
1699274578440
1699274578441
1699274578442
1699274578442
1699274578443
1699274578444
1699274578444
1699274578445
1699274578446
1699274578446
1699274578447
1699274578448
1699274578449
1699274578449
1699274578450
1699274578450
1699274578451
1699274578452
1699274578452
1699274578453
1699274578454
1699274578455
1699274578456
1699274578457
1699274578458
1699274578458
1699274578459
1699274578460
1699274578461
1699274578461
1699274578462
1699274578463
1699274578464
1699274578464
1699274578465
1699274578466
1699274578467
1699274578468
1699274578468
1699274578469
1699274578469
1699274578470
1699274578471
1699274578472
1699274578472
1699274578473
1699274578474
1699274578474
1699274578475
1699274578476
1699274578476
1699274578477
1699274578477
1699274578478
1699274578479
1699274578480
1699274578480
1699274578481
1699274578482
1699274578483
1699274578484
1699274578485
1699274578486
1699274578486
1699274578487
1699274578488
1699274578489
1699274578490
1699274578490
1699274578491
1699274578491
1699274578492
1699274578493
1699274578493
1699274578494
1699274578495
1699274578496
1699274578496
1699274578497
1699274578498
1699274578499
1699274578500
1699274578500
1699274578501
1699274578502
1699274578503
1699274578504
1699274578505
1699274578505
1699274578506
1699274578506
1699274578507
1699274578508
1699274578508
1699274578509
1699274578510
1699274578510
1699274578511
1699274578512
1699274578513
1699274578513
1699274578514
1699274578515
1699274578516
1699274578517
1699274578517
1699274578518
1699274578519
1699274578520
1699274578520
1699274578521
1699274578522
1699274578522
1699274578523
1699274578524
1699274578524
1699274578525
1699274578526
1699274578527
1699274578528
1699274578528
1699274578529
1699274578530
1699274578530
1699274578531
1699274578532
1699274578533
1699274578534
1699274578534
1699274578535
1699274578535
1699274578536
1699274580389
1699274580391
1699274580393
1699274580395
1699274580398
1699274580400
1699274580401
1699274580403
1699274580405
1699274580407
1699274580409
1699274580410
1699274580412
1699274580413
1699274580414
1699274580416
1699274580418
1699274580420
1699274580422
1699274580424
1699274580426
1699274580427
1699274580429
1699274580431
1699274580433
1699274580435
1699274580436
1699274580437
1699274580439
1699274580441
1699274580443
1699274580445
1699274580446
1699274580447
1699274580448
1699274580450
1699274580451
1699274580452
1699274580453
1699274580455
1699274580456
1699274580457
1699274580458
1699274580460
1699274580460
1699274580462
1699274580463
1699274580464
1699274580466
1699274580468
1699274580470
1699274580471
1699274580472
1699274580473
1699274580474
1699274580475
1699274580475
1699274580476
1699274580477
1699274580478
1699274580478
1699274580479
1699274580480
1699274580480
1699274580481
1699274580482
1699274580482
1699274580483
1699274580484
1699274580485
1699274580486
1699274580487
1699274580488
1699274580489
1699274580489
1699274580490
1699274580491
1699274580491
1699274580492
1699274580493
1699274580494
1699274580494
1699274580495
1699274580496
1699274580497
1699274580497
1699274580498
1699274580499
1699274580500
1699274580500
1699274580502
1699274580502
1699274580503
1699274580504
1699274580504
1699274580505
1699274580506
1699274580506
1699274580507
1699274580508
1699274580509
1699274580509
1699274580511
1699274580511
1699274580512
1699274580513
1699274580514
1699274580514
1699274580515
1699274580516
1699274580516
1699274580517
1699274580518
1699274580519
1699274580519
1699274580520
1699274580521
1699274580521
1699274580523
1699274580523
1699274580524
1699274580525
1699274580526
1699274580526
1699274580527
1699274580528
1699274580528
1699274580529
1699274580529
1699274580530
1699274580531
1699274580532
1699274580532
1699274580533
1699274580534
1699274580534
1699274580535
1699274580536
1699274580536
1699274580537
1699274580537
1699274580538
1699274580540
1699274580540
1699274580541
1699274580541
1699274580542
1699274580543
1699274580544
1699274580545
1699274580545
1699274580546
1699274580547
1699274580547
1699274580548
1699274580549
1699274580549
1699274580550
1699274580551
1699274580552
1699274580552
1699274580553
1699274580554
1699274580555
1699274580555
1699274580556
1699274580557
1699274580558
1699274580558
1699274580559
1699274580560
1699274580561
1699274580562
1699274580563
1699274580564
1699274580565
1699274580566
1699274580567
1699274580568
1699274580569
1699274580570
1699274580570
1699274580571
1699274580572
1699274580573
1699274580574
1699274580574
1699274580575
1699274580576
1699274580577
1699274580577
1699274580578
1699274580579
1699274580580
1699274580580
1699274580581
1699274580582
1699274580583
1699274580584
1699274580585
1699274580585
1699274580586
1699274580587
1699274580588
1699274580589
1699274580590
1699274580591
1699274580592
1699274580592
1699274580593
1699274580594
1699274580595
1699274580596
1699274580597
1699274580598
1699274580598
1699274580599
1699274580600
1699274580600
1699274580601
1699274580602
1699274580602
1699274580603
1699274580604
1699274580605
1699274580606
1699274580606
1699274580607
1699274580608
1699274580609
1699274580610
1699274580610
1699274580611
1699274580612
1699274580612
1699274580613
1699274580614
1699274580615
1699274580616
1699274580617
1699274580618
1699274580619
1699274580620
1699274580621
1699274580622
1699274580623
1699274580624
1699274580625
1699274580625
1699274580626
1699274580627
1699274580628
1699274580629
1699274580629
1699274580630
1699274580631
1699274580632
1699274580633
1699274580633
1699274580634
1699274580635
1699274580636
1699274580637
1699274580637
1699274580638
1699274580638
1699274580639
1699274580640
1699274580640
1699274580641
1699274580642
1699274580642
1699274580643
1699274580644
1699274580645
1699274580646
1699274580647
1699274580647
1699274580648
1699274580649
1699274580650
1699274580650
1699274580651
1699274580652
1699274580653
1699274580654
1699274580654
1699274580655
1699274580656
1699274580657
1699274580658
1699274580659
1699274580660
1699274580661
1699274580662
1699274580662
1699274580663
1699274580664
1699274580665
1699274580666
1699274580666
1699274580667
1699274580668
1699274580669
1699274580669
1699274580670
1699274580671
1699274580672
1699274580673
1699274580674
1699274580675
1699274580676
1699274580677
1699274580678
1699274580679
1699274580680
1699274580680
1699274580681
1699274580683
1699274580684
1699274580685
1699274580686
1699274580686
1699274580688
1699274580688
1699274580689
1699274580690
1699274580691
1699274580692
1699274580692
1699274580693
1699274580694
1699274580695
1699274580695
1699274580696
1699274580697
1699274580698
1699274580698
1699274580699
1699274580700
1699274580700
1699274580701
1699274580702
1699274580703
1699274580703
