996
356
997
708
789
358
790
357
996
709
358
790
709
999
358
301
301
789
303
303
709
303
999
711
788
549
541
10
9
138
10
11
372
374
549
136
137
542
138
543
373
550
542
9
548
540
372
373
550
139
198
590
424
46
199
588
44
589
590
424
46
50
425
50
48
50
425
590
197
45
198
45
48
426
196
444
361
17
350
349
19
361
367
362
364
16
366
364
447
351
349
367
18
360
17
446
445
351
363
445
223
153
153
361
360
833
835
360
220
220
361
153
155
832
434
834
834
433
435
221
361
222
153
432
433
379
792
794
381
478
383
479
381
383
795
379
742
741
793
376
382
743
476
477
743
377
795
743
379
476
51
136
237
50
138
134
135
134
317
239
317
319
134
137
318
317
50
138
134
237
137
51
239
51
237
780
1013
673
587
562
563
675
587
674
1013
1014
674
563
1012
673
783
562
783
782
585
780
585
584
1012
560
899
13
640
403
15
642
220
897
221
640
401
15
400
899
14
222
897
400
642
223
402
896
13
220
642
625
724
547
725
546
625
678
545
727
624
547
676
678
626
676
811
624
726
809
808
545
809
677
811
727
99
764
186
116
766
133
98
99
767
133
767
117
134
99
185
185
134
116
117
134
117
187
98
764
186
165
371
370
841
167
843
95
95
94
934
95
841
841
934
932
932
164
164
93
167
842
932
368
370
370
611
611
497
459
304
704
459
497
305
459
704
705
706
608
496
306
496
496
456
306
608
459
706
611
307
957
431
983
635
430
757
958
756
633
431
635
956
431
759
982
983
983
958
759
959
758
632
980
632
428
121
782
551
780
782
122
123
782
635
205
548
635
551
204
550
207
632
548
633
204
123
120
781
206
634
884
884
887
473
315
421
961
963
887
473
422
962
963
312
421
886
963
472
475
312
423
313
475
423
315
318
891
187
316
185
890
78
186
187
79
316
890
891
185
76
317
891
707
704
318
705
704
704
78
79
98
801
800
803
597
50
599
48
227
225
97
225
596
803
803
96
48
599
48
50
96
224
99
227
596
685
147
105
442
645
644
144
104
685
686
647
147
646
104
442
146
685
440
146
105
644
106
443
442
685
974
974
345
707
91
344
705
973
88
975
351
350
706
347
349
974
345
344
705
88
704
348
91
350
90
751
781
821
565
782
822
748
939
822
781
564
821
564
564
748
939
567
937
748
936
936
782
823
750
782
63
78
609
466
63
1013
609
77
608
63
76
62
1014
466
76
464
1015
610
76
464
611
1013
467
1014
61
406
816
891
862
406
1018
406
890
818
1019
890
860
1016
407
1017
1019
860
819
405
819
819
890
862
891
861
787
390
484
321
389
320
977
485
979
322
388
976
391
320
320
784
485
786
978
785
785
487
978
391
484
1005
121
628
630
248
121
623
120
622
628
629
120
1005
120
250
1005
1004
622
628
250
249
249
622
621
1005
456
486
782
589
522
459
783
484
486
523
457
782
484
588
781
589
521
588
486
522
459
590
523
458
781
482
772
774
998
996
998
997
483
775
773
543
480
482
317
540
541
319
999
540
773
316
543
319
319
483
871
841
422
843
992
842
871
842
186
184
995
868
187
420
422
186
993
420
992
185
992
868
420
840
870
581
129
102
128
704
827
705
707
827
583
825
101
131
129
102
583
581
128
705
827
100
583
827
100
704
125
124
474
345
475
700
125
472
517
345
702
701
516
702
475
701
345
518
125
518
516
345
124
472
345
508
830
509
28
734
830
543
509
732
735
733
28
31
541
510
31
830
542
28
828
831
509
542
542
733
35
529
33
610
608
329
32
331
331
519
529
32
517
610
330
528
609
35
529
516
611
528
517
518
330
210
772
989
209
210
775
680
774
377
211
991
209
774
377
377
376
989
681
376
683
989
772
680
991
683
728
545
706
898
754
755
731
754
707
547
899
705
545
728
728
897
707
546
546
752
707
899
753
899
728
629
310
311
310
941
46
667
47
942
630
309
664
942
311
629
664
47
44
629
942
629
45
664
940
664
0
450
434
930
450
722
723
723
3
3
435
928
3
435
1
928
929
929
723
433
449
722
434
451
449
115
333
39
558
469
470
332
37
112
38
334
471
39
470
557
558
112
113
556
334
556
37
471
113
333
714
396
140
907
257
907
397
712
259
143
905
714
714
713
256
142
397
256
907
140
141
396
258
398
907
444
603
505
507
931
565
506
446
928
601
928
445
930
504
444
600
566
447
564
601
601
566
567
930
507
683
381
280
683
281
206
381
382
248
281
249
206
248
250
207
381
280
206
680
680
249
681
204
383
283
